a = ['Andaman_and_nicobar', (2011, 143, 76, 67), (2012, 146, 78, 68), (2013, 149, 80, 69), (2014, 152, 81, 71), (2015, 155, 83, 72), (2016, 158, 84, 74), (2017, 161, 86, 75), (2018, 164, 88, 76), (2019, 167, 89, 78), (2020, 169, 90, 79), (2021, 172, 92, 80), (2022, 175, 93, 82), (2023, 178, 95, 83), (2024, 180, 96, 84), (2025, 183, 98, 85), (2026, 186, 99, 87), (2027, 189, 101, 88), (2028, 191, 102, 89), (2029, 194, 104, 90), (2030, 197, 105, 92), (2031, 200, 107, 93), (2032, 202, 108, 94), (2033, 205, 109, 96), (2034, 208, 111, 97), (2035, 210, 112, 98), (2036, 213, 114, 99)]

b = ['Andhra_pradesh', (2011, 49577, 24831, 24747), (2012, 49936, 25006, 24929), (2013, 50295, 25182, 25112), (2014, 50654, 25358, 25295), (2015, 51012, 25534, 25478), (2016, 51371, 25710, 25661), (2017, 57609, 25849, 25806), (2018, 51938, 25987, 25950), (2019, 52221, 26126, 26095), (2020, 52504, 26265, 26240), (2021, 52787, 26403, 26384), (2022, 52972, 26489, 26482), (2023, 53156, 26576, 26580), (2024, 53340, 26662, 26678), (2025, 53524, 26748, 26776), (2026, 53709, 26834, 26874), (2027, 53802, 26874, 26928), (2028, 53895, 26914, 26982), (2029, 53989, 26953, 27035), (2030, 54082, 26993, 27089), (2031, 54175, 27033, 27142), (2032, 54191, 27032, 27158), (2033, 54206, 27031, 27174), (2034, 54221, 27031, 27190), (2035, 54236, 27030, 27206), (2036, 54252, 27029, 27223)]

c = ['Arunachal_pradesh', (2011, 1384, 714, 670), (2012, 1399, 722, 677), (2013, 1414, 729, 685), (2014, 1429, 737, 692), (2015, 1444, 744, 700), (2016, 1459, 752, 707), (2017, 1474, 759, 715), (2018, 1489, 767, 722), (2019, 1504, 774, 730), (2020, 1519, 781, 737), (2021, 1533, 789, 745), (2022, 1548, 796, 752), (2023, 1562, 803, 759), (2024, 1576, 810, 766), (2025, 1590, 817, 773), (2026, 1604, 824, 781), (2027, 1617, 830, 787), (2028, 1630, 836, 794), (2029, 1643, 842, 800), (2030, 1656, 849, 807), (2031, 1669, 855, 814), (2032, 1679, 859, 819), (2033, 1689, 864, 824), (2034, 1699, 869, 830), (2035, 1709, 874, 835), (2036, 1719, 878, 841)]

d = ['Assam', (2011, 31206, 15939, 15266), (2012, 31598, 16135, 15464), (2013, 31991, 16330, 15661), (2014, 32383, 16525, 15858), (2015, 32776, 16720, 16056), (2016, 33168, 16915, 16253), (2017, 33543, 17100, 16443), (2018, 33918, 17286, 16632), (2019, 34293, 17472, 16822), (2020, 34668, 17657, 17011), (2021, 35043, 17843, 17200), (2022, 35378, 18006, 17371), (2023, 35713, 18170, 17543), (2024, 36047, 18334, 17714), (2025, 36382, 18497, 17885), (2026, 36717, 18661, 18056), (2027, 37012, 18803, 18209), (2028, 37308, 18945, 18363), (2029, 37604, 19088, 18517), (2030, 37900, 19230, 18617), (2031, 38196, 19372, 18824), (2032, 38437, 19485, 18952), (2033, 38677, 19597, 19080), (2034, 38918, 19710, 19208), (2035, 39158, 19823, 19336), (2036, 39399, 19935, 19464)]

e = ['Bihar', (2011, 104099, 54278, 49821), (2012, 106115, 55317, 50798), (2013, 108130, 56356, 51774), (2014, 110145, 57395, 52750), (2015, 112161, 58434, 53727), (2016, 114176, 59473, 54703), (2017, 115957, 60381, 55577), (2018, 117739, 61289, 56450), (2019, 119520, 62196, 57324), (2020, 121302, 63104, 58197), (2021, 123083, 64012, 59071), (2022, 124919, 64939, 59981), (2023, 126756, 65865, 60891), (2024, 128592, 66792, 61801), (2025, 130429, 67719, 62710), (2026, 132265, 68645, 63620), (2027, 134020, 69525, 64495), (2028, 135775, 70405, 65370), (2029, 137531, 71285, 66246), (2030, 139286, 72165, 67121), (2031, 141041, 73045, 67996), (2032, 142548, 73795, 68752), (2033, 144055, 74546, 69509), (2034, 145562, 75296, 70266), (2035, 147069, 76046, 71022), (2036, 148576, 76797, 71779)]

f = ['Chandigarh', (2011, 1055, 581, 475), (2012, 1072, 589, 483), (2013, 1088, 596, 491), (2014, 1104, 604, 500), (2015, 1120, 612, 508), (2016, 1136, 620, 516), (2017, 1151, 627, 524), (2018, 1165, 633, 531), (2019, 1179, 640, 539), (2020, 1193, 647, 546), (2021, 1208, 654, 554), (2022, 1219, 659, 560), (2023, 1231, 665, 567), (2024, 1243, 670, 573), (2025, 1255, 675, 580), (2026, 1267, 681, 586), (2027, 1277, 685, 592), (2028, 1287, 690, 597), (2029, 1298, 695, 603), (2030, 1308, 700, 608), (2031, 1318, 704, 614), (2032, 1326, 707, 619), (2033, 1335, 711, 624), (2034, 1343, 715, 628), (2035, 1351, 718, 633), (2036, 1360, 722, 638)]

g = ['Chhattisgarh', (2011, 25545, 12833, 12712), (2012, 25950, 13033, 12917), (2013, 26356, 13233, 13327), (2014, 26761, 13434, 13327), (2015, 27166, 13634, 13532), (2016, 27571, 13834, 13738), (2017, 27956, 14026, 13930), (2018, 28340, 14218, 14122), (2019, 28724, 14410, 14314), (2020, 29109, 14602, 14506), (2021, 29493, 14794, 14698), (2022, 29836, 14966, 14871), (2023, 30180, 15137, 15043), (2024, 30524, 15308, 15215), (2025, 30865, 15480, 15388), (2026, 31211, 15651, 15560), (2027, 31512, 15801, 15711), (2028, 31814, 15952, 15862), (2029, 32116, 16103, 16013), (2030, 32417, 16253, 16164), (2031, 32719, 16404, 16315), (2032, 32991, 16538, 16453), (2033, 33264, 16673, 16591), (2034, 33536, 16807, 16729), (2035, 33809, 16941, 16867), (2036, 34081, 17076, 17005)]

h = ['Dadra_and_nagar_haveli', (2011, 344, 194, 150), (2012, 365, 207, 158), (2013, 387, 221, 166), (2014, 409, 235, 174), (2015, 431, 248, 182), (2016, 452, 262, 190), (2017, 483, 282, 201), (2018, 515, 303, 212), (2019, 546, 323, 223), (2020, 577, 343, 234), (2021, 608, 363, 245), (2022, 654, 394, 260), (2023, 699, 424, 275), (2024, 745, 455, 290), (2025, 790, 485, 305), (2026, 836, 516, 320), (2027, 904, 563, 341), (2028, 973, 610, 362), (2029, 1041, 658, 383), (2030, 1109, 705, 404), (2031, 1178, 753, 425), (2032, 1283, 828, 455), (2033, 1388, 903, 485), (2034, 1493, 978, 515), (2035, 1598, 1053, 544), (2036, 1703, 1128, 574)]

i = ['Daman_and_diu', (2011, 243, 150, 93), (2012, 260, 164, 97), (2013, 278, 177, 101), (2014, 295, 190, 105), (2015, 312, 203, 109), (2016, 329, 216, 113), (2017, 357, 239, 118), (2018, 385, 262, 124), (2019, 413, 284, 129), (2020, 441, 307, 134), (2021, 469, 330, 140), (2022, 516, 370, 147), (2023, 564, 409, 154), (2024, 611, 449, 161), (2025, 658, 489, 169), (2026, 705, 529, 176), (2027, 792, 606, 186), (2028, 878, 682, 196), (2029, 964, 758, 206), (2030, 1051, 834, 216), (2031, 1137, 910, 227), (2032, 1303, 1062, 241), (2033, 1470, 1214, 255), (2034, 1636, 1366, 270), (2035, 1802, 1518, 284), (2036, 1969, 1670, 298)]

j = ['Delhi', (2011, 16788, 8987, 7801), (2012, 17166, 9186, 7980), (2013, 17544, 9385, 8159), (2014, 17921, 9583, 8338), (2015, 18299, 9782, 8517), (2016, 18677, 9980, 8697), (2017, 19056, 10177, 8879), (2018, 19435, 10373, 9061), (2019, 19814, 10570, 9244), (2020, 20193, 10766, 9426), (2021, 20571, 10963, 9609), (2022, 20965, 11164, 9801), (2023, 21359, 11366, 9993), (2024, 21752, 11567, 10186), (2025, 22146, 11768, 10378), (2026, 22540, 11970, 10570), (2027, 22942, 12172, 10770), (2028, 23345, 12375, 10970), (2029, 23747, 12578, 11170), (2030, 24150, 12780, 11369), (2031, 24552, 12983, 11569), (2032, 24960, 13187, 11773), (2033, 25368, 13391, 11977), (2034, 25775, 13595, 12181), (2035, 26183, 13798, 12385), (2036, 26591, 14002, 12589)]

k = ['Goa', (2011, 907, 464, 443), (2012, 931, 476, 455), (2013, 955, 488, 467), (2014, 980, 501, 479), (2015, 1004, 513, 491), (2016, 1029, 526, 503), (2017, 1052, 538, 514), (2018, 1076, 550, 526), (2019, 1100, 562, 538), (2020, 1124, 575, 549), (2021, 1148, 587, 561), (2022, 1171, 599, 572), (2023, 1194, 610, 584), (2024, 1216, 622, 594), (2025, 1239, 633, 606), (2026, 1262, 645, 617), (2027, 1283, 656, 627), (2028, 1305, 667, 638), (2029, 1327, 678, 649), (2030, 1348, 689, 659), (2031, 1369, 700, 669), (2032, 1389, 710, 679), (2033, 1409, 720, 689), (2034, 1429, 731, 698), (2035, 1448, 740, 708), (2036, 1467, 750, 717)]

l = ['Gujarat', (2011, 60440, 31491, 28948), (2012, 61383, 32007, 29804), (2013, 62327, 32523, 29804), (2014, 63271, 33039, 30232), (2015, 64214, 33555, 30659), (2016, 65158, 34071, 31087), (2017, 66084, 34577, 31507), (2018, 67010, 35083, 31927), (2019, 67936, 35588, 32347), (2020, 68862, 36094, 32768), (2021, 69788, 36600, 33188), (2022, 70648, 37066, 33581), (2023, 71507, 37532, 33975), (2024, 72367, 37998, 34369), (2025, 73227, 38464, 34768), (2026, 74086, 38930, 35156), (2027, 74855, 39341, 35514), (2028, 75624, 39752, 36230), (2029, 76393, 40163, 36230), (2030, 77162, 40574, 36588), (2031, 77931, 40986, 36946), (2032, 78604, 41346, 37258), (2033, 79285, 41711, 37574), (2034, 79962, 42074, 38202), (2035, 80639, 42437, 38202), (2036, 81316, 42800, 38516)]

m = ['Haryana', (2011, 25351, 13495, 11857), (2012, 25772, 13713, 12059), (2013, 26193, 13931, 12262), (2014, 26614, 14149, 12465), (2015, 27034, 14367, 12667), (2016, 27455, 14585, 12870), (2017, 27861, 14793, 13068), (2018, 28266, 15000, 13266), (2019, 28672, 15208, 13464), (2020, 29077, 15415, 13662), (2021, 29483, 15623, 13860), (2022, 29846, 15084, 14042), (2023, 30209, 15985, 14224), (2024, 30573, 16167, 14406), (2025, 30936, 16348, 14588), (2026, 31299, 16529, 14770), (2027, 31629, 16690, 14939), (2028, 31958, 16850, 15108), (2029, 32287, 17010, 15278), (2030, 32616, 17170, 15447), (2031, 32946, 17330, 15616), (2032, 33250, 17476, 15774), (2033, 33555, 17622, 15993), (2034, 33860, 17769, 16091), (2035, 34164, 17915, 16249), (2036, 34469, 18061, 16408)]

n = ['Himachal_pradesh', (2011, 6865, 3482, 3383), (2012, 6923, 3512, 3412), (2013, 6982, 3541, 3441), (2014, 7041, 3571, 3470), (2015, 7100, 3601, 3499), (2016, 7158, 3631, 3528), (2017, 7206, 3654, 3551), (2018, 7253, 3678, 3574), (2019, 7300, 3702, 3598), (2020, 7347, 3726, 3621), (2021, 7394, 3750, 3644), (2022, 7431, 3768, 3663), (2023, 7468, 3787, 3681), (2024, 7505, 3805, 3700), (2025, 7542, 3824, 3718), (2026, 7579, 3843, 3737), (2027, 7606, 3856, 3750), (2028, 7632, 3869, 3764), (2029, 7659, 3882, 3777), (2030, 7685, 3895, 3790), (2031, 7712, 3908, 3804), (2032, 7727, 3916, 3811), (2033, 7741, 3923, 3818), (2034, 7756, 3931, 3825), (2035, 7770, 3938, 3832), (2036, 7785, 3945, 3840)]

o = ['Jammu_and_kashmir', (2011, 12267, 6484, 5783), (2012, 12393, 6545, 5848), (2013, 12519, 6606, 5913), (2014, 12645, 6667, 5978), (2015, 12771, 6728, 6043), (2016, 12897, 6789, 6108), (2017, 12999, 6837, 6162), (2018, 13101, 6885, 6216), (2019, 13203, 6933, 6270), (2020, 13305, 6982, 6324), (2021, 3408, 7030, 6378), (2022, 13505, 7075, 6430), (2023, 13603, 7120, 6483), (2024, 13701, 7166, 6535), (2025, 13798, 7211, 6587), (2026, 13896, 7256, 6640), (2027, 13989, 7299, 6690), (2028, 14082, 7341, 6741), (2029, 14175, 7383, 6792), (2030, 14268, 7425, 6843), (2031, 14361, 7467, 6894), (2032, 14438, 7501, 6938), (2033, 14515, 7534, 6981), (2034, 14593, 7568, 7025), (2035, 14670, 7601, 7069), (2036, 14747, 7635, 7112)]

p = ['Jarkhand', (2011, 32988, 16930, 16058), (2012, 33551, 17216, 16334), (2013, 34113, 17503, 16610), (2014, 34675, 17789, 16887), (2015, 35238, 18075, 17163), (2016, 35800, 18361, 17439), (2017, 36334, 18629, 17705), (2018, 36869, 18897, 17972), (2019, 37403, 19165, 18238), (2020, 37937, 19433, 18504), (2021, 38471, 19701, 18770), (2022, 38969, 19948, 19021), (2023, 39466, 20194, 19272), (2024, 39963, 20441, 19523), (2025, 40461, 20687, 19773), (2026, 40958, 20934, 20024), (2027, 41408, 21153, 20256), (2028, 41858, 21372, 20487), (2029, 42309, 21591, 20718), (2030, 42759, 21810, 20949), (2031, 43209, 22029, 21181), (2032, 43599, 22215, 21383), (2033, 43988, 22402, 21586), (2034, 44377, 22589, 21788), (2035, 44766, 22775, 21991), (2036, 45155, 22962, 22193)]

q = ['Karnataka', (2011, 61095, 30967, 30129), (2012, 61722, 31287, 30435), (2013, 62349, 31607, 30742), (2014, 62975, 31927, 31048), (2015, 63602, 32247, 31355), (2016, 64229, 32567, 31355), (2017, 64752, 32836, 31916), (2018, 65275, 33105, 32170), (2019, 65798, 33374, 32425), (2020, 66322, 33642, 32679), (2021, 66845, 33911, 32934), (2022, 67268, 34126, 33142), (2023, 67692, 34126, 33142), (2024, 68115, 34557, 33558), (2025, 68536, 34772, 33766), (2026, 68962, 34987, 33975), (2027, 69300, 35158, 34142), (2028, 69638, 35328, 34309), (2029, 69976, 35499, 34477), (2030, 70314, 35670, 34644), (2031, 70652, 35840, 34812), (2032, 70911, 35969, 34942), (2033, 71170, 36097, 35073), (2034, 71429, 36225, 35204), (2035, 71689, 36354, 35335), (2036, 71948, 36482, 35466)]

r = ['Kerala', (2011, 33406, 16027, 17379), (2012, 33641, 16141, 17500), (2013, 33875, 16254, 17621), (2014, 34109, 16368, 17742), (2015, 34344, 16481, 17863), (2016, 34578, 16594, 17984), (2017, 34761, 16684, 18077), (2018, 34943, 16774, 18169), (2019, 35125, 16863, 18262), (2020, 35307, 16953, 18354), (2021, 35489, 17043, 18447), (2022, 35633, 17113, 18520), (2023, 35776, 17184, 18593), (2024, 35920, 17254, 18666), (2025, 36063, 17324, 18739), (2026, 36207, 17395, 18812), (2027, 36304, 17444, 18861), (2028, 36402, 17492, 18910), (2029, 36499, 17541, 18959), (2030, 36597, 17589, 19008), (2031, 36695, 17638, 19057), (2032, 36746, 17693, 19104), (2033, 36796, 17693, 19104), (2034, 36847, 17720, 19127), (2035, 36898, 17747, 19150), (2036, 36949, 17775, 19174), (2011, 33406, 16027, 17379), (2012, 33641, 16141, 17500), (2013, 33875, 16254, 17621), (2014, 34109, 16368, 17742), (2015, 34344, 16481, 17863), (2016, 34578, 16594, 17984), (2017, 34761, 16684, 18077), (2018, 34943, 16774, 18169), (2019, 35125, 16863, 18262), (2020, 35307, 16953, 18354), (2021, 35489, 17043, 18447), (2022, 35633, 17113, 18520), (2023, 35776, 17184, 18593), (2024, 35920, 17254, 18666), (2025, 36063, 17324, 18739), (2026, 36207, 17395, 18812), (2027, 36304, 17444, 18861), (2028, 36402, 17492, 18910), (2029, 36499, 17541, 18959), (2030, 36597, 17589, 19008), (2031, 36695, 17638, 19057), (2032, 36746, 17693, 19104), (2033, 36796, 17693, 19104), (2034, 36847, 17720, 19127), (2035, 36898, 17747, 19150), (2036, 36949, 17775, 19174)]

s = ['Ladhak', (2011, 274, 157, 118), (2012, 277, 158, 119), (2013, 279, 159, 120), (2014, 282, 160, 122), (2015, 285, 162, 123), (2016, 287, 163, 125), (2017, 289, 164, 126), (2018, 291, 164, 127), (2019, 293, 165, 128), (2020, 295, 166, 129), (2021, 297, 167, 130), (2022, 299, 168, 131), (2023, 300, 168, 132), (2024, 302, 169, 133), (2025, 304, 170, 134), (2026, 305, 170, 135), (2027, 306, 171, 136), (2028, 308, 171, 137), (2029, 309, 172, 137), (2030, 310, 172, 138), (2031, 312, 173, 139), (2032, 313, 173, 140), (2033, 313, 173, 140), (2034, 314, 173, 141), (2035, 315, 173, 142), (2036, 316, 174, 142)]

t = ['Lakshadweep', (2011, 50, 26, 24), (2012, 52, 27, 25), (2013, 54, 28, 26), (2014, 56, 29, 27), (2015, 58, 30, 28), (2016, 60, 31, 29), (2017, 61, 31, 30), (2018, 63, 32, 31), (2019, 64, 33, 31), (2020, 65, 33, 32), (2021, 66, 34, 32), (2022, 67, 34, 33), (2023, 68, 35, 33), (2024, 69, 35, 34), (2025, 69, 35, 34), (2026, 70, 36, 34), (2027, 70, 36, 34), (2028, 70, 36, 34), (2029, 70, 36, 34), (2030, 70, 36, 34), (2031, 71, 37, 34), (2032, 71, 37, 34), (2033, 71, 37, 34), (2034, 71, 37, 34), (2035, 71, 37, 34), (2036, 71, 37, 34)]

u = ['Madhya_pradhesh', (2011, 72627, 37612, 35015), (2012, 73868, 38237, 35625), (2013, 75099, 38862, 36236), (2014, 76334, 39487, 36847), (2015, 77570, 40112, 37458), (2016, 78806, 40737, 38069), (2017, 79942, 41312, 38637), (2018, 81090, 41886, 39204), (2019, 82232, 42460, 39772), (2020, 83374, 43035, 40339), (2021, 84516, 43609, 40907), (2022, 85548, 44119, 41429), (2023, 86579, 44629, 41950), (2024, 87610, 45138, 42472), (2025, 88641, 45648, 42994), (2026, 89673, 46157, 43515), (2027, 90549, 46584, 43966), (2028, 91426, 46010, 44417), (2029, 92303, 47436, 44867), (2030, 93180, 47862, 45318), (2031, 94057, 48288, 45769), (2032, 94806, 48645, 46161), (2033, 95556, 49002, 46554), (2034, 96305, 49359, 46946), (2035, 97055, 49716, 47339), (2036, 97804, 50073, 47731)]

v = ['Maharashtra', (2011, 112374, 58243, 54131), (2012, 113645, 58924, 54721), (2013, 114915, 59606, 55310), (2014, 116186, 60287, 55899), (2015, 117456, 60968, 56488), (2016, 118727, 61649, 57078), (2017, 119869, 62260, 58609), (2018, 121011, 62870, 58140), (2019, 122153, 63481, 58672), (2020, 123295, 64091, 59203), (2021, 124437, 64702, 59735), (2022, 125411, 65220, 60191), (2023, 126385, 65738, 60647), (2024, 127360, 66256, 61103), (2025, 128334, 66774, 61560), (2026, 129308, 67292, 62061), (2027, 130137, 67730, 62406), (2028, 130965, 68169, 62796), (2029, 131794, 68607, 63187), (2030, 132622, 69046, 63577), (2031, 133451, 69484, 63867), (2032, 134114, 69829, 64285), (2033, 134776, 70174, 64602), (2034, 135439, 70518, 64920), (2035, 136101, 70863, 65238), (2036, 136764, 71208, 65556)]

w = ['Manipur', (2011, 2856, 1439, 1417), (2012, 2887, 1454, 1433), (2013, 2918, 1469, 1449), (2014, 2949, 1485, 1465), (2015, 2980, 1500, 1481), (2016, 3012, 1515, 1497), (2017, 3042, 1530, 1512), (2018, 3073, 1545, 1528), (2019, 3103, 1560, 1544), (2020, 3134, 1575, 1560), (2021, 3165, 1589, 1575), (2022, 3194, 1603, 1591), (2023, 3223, 1618, 1606), (2024, 3253, 1632, 1621), (2025, 3282, 1646, 1636), (2026, 3311, 1660, 1652), (2027, 3338, 1672, 1666), (2028, 3364, 1685, 1680), (2029, 3391, 1697, 1694), (2030, 3417, 1710, 1708), (2031, 3444, 1722, 1722), (2032, 3465, 1732, 1733), (2033, 3485, 1741, 1744), (2034, 3506, 1751, 1756), (2035, 3527, 1760, 1767), (2036, 3548, 1770, 1779)]

x = ['Meghalaya', (2011, 2967, 1492, 1475), (2012, 2999, 1508, 1492), (2013, 3032, 1524, 1508), (2014, 3064, 1539, 1525), (2015, 3096, 1555, 1541), (2016, 3129, 1571, 1558), (2017, 3161, 1587, 1574), (2018, 3192, 1602, 1590), (2019, 3224, 1617, 1607), (2020, 3256, 1633, 1623), (2021, 3288, 1648, 1640), (2022, 3318, 1663, 1655), (2023, 3349, 1677, 1671), (2024, 3379, 1692, 1687), (2025, 3410, 1707, 1703), (2026, 3440, 1721, 1719), (2027, 3468, 1734, 1734), (2028, 3495, 1747, 1748), (2029, 3523, 1760, 1763), (2030, 3550, 1773, 1777), (2031, 3578, 1786, 1792), (2032, 3599, 1796, 1804), (2033, 3621, 1806, 1816), (2034, 3643, 1816, 1827), (2035, 3664, 1826, 1839), (2036, 3686, 1836, 1851)]

y = ['Mizoram', (2011, 1097, 555, 542), (2012, 1109, 561, 548), (2013, 1121, 567, 554), (2014, 1133, 573, 560), (2015, 1145, 579, 566), (2016, 1157, 585, 572), (2017, 1169, 591, 578), (2018, 1181, 596, 584), (2019, 1192, 602, 590), (2020, 1204, 608, 596), (2021, 1216, 614, 602), (2022, 1227, 619, 608), (2023, 1238, 624, 614), (2024, 1250, 630, 620), (2025, 1261, 635, 626), (2026, 1272, 641, 632), (2027, 1282, 646, 637), (2028, 1293, 650, 642), (2029, 1303, 655, 648), (2030, 1313, 660, 653), (2031, 1323, 665, 658), (2032, 1331, 669, 663), (2033, 1339, 672, 667), (2034, 1347, 676, 671), (2035, 1355, 680, 676), (2036, 1363, 683, 680)]

z = ['Nagaland', (2011, 1979, 1025, 954), (2012, 2000, 1036, 965), (2013, 2022, 1046, 975), (2014, 2043, 1057, 986), (2015, 2065, 1068, 997), (2016, 2086, 1079, 1007), (2017, 2108, 1090, 1018), (2018, 2129, 1100, 1028), (2019, 2150, 1111, 1039), (2020, 2171, 1121, 1050), (2021, 2192, 1132, 1060), (2022, 2213, 1142, 1071), (2023, 2233, 1152, 1081), (2024, 2253, 1162, 1091), (2025, 2274, 1172, 1101), (2026, 2294, 1182, 1112), (2027, 2312, 1191, 1121), (2028, 2331, 1200, 1130), (2029, 2349, 1209, 1140), (2030, 2367, 1218, 1149), (2031, 2386, 1227, 1159), (2032, 2400, 1234, 1166), (2033, 2415, 1240, 1173), (2034, 2429, 1247, 1182), (2035, 2444, 1254, 1189), (2036, 2458, 1261, 1197)]

A= ['Odisha', (2011, 41974, 21212, 20762), (2012, 42205, 21238, 20967), (2013, 42436, 21264, 21377), (2014, 42667, 21290, 21377), (2015, 42897, 21315, 41582), (2016, 43128, 21341, 21787), (2017, 43309, 21341, 21968), (2018, 43490, 21341, 22149), (2019, 43671, 21340, 22512), (2020, 43852, 21340, 22512), (2021, 44033, 21340, 22693), (2022, 44162, 21316, 22846), (2023, 44291, 21293, 22998), (2024, 44420, 21269, 23150), (2025, 44584, 21246, 23303), (2026, 44677, 21222, 23455), (2027, 44743, 21168, 23575), (2028, 44810, 21114, 23695), (2029, 44876, 21061, 23815), (2030, 44942, 21007, 23935), (2031, 45008, 20953, 24055), (2032, 45012, 20871, 24141), (2033, 45015, 20788, 24227), (2034, 45019, 20709, 24312), (2035, 45022, 20624, 24398), (2036, 45025, 20542, 24483)]

B = ['Puducherry', (2011, 853, 418, 435), (2012, 876, 429, 447), (2013, 899, 440, 459), (2014, 923, 452, 471), (2015, 946, 463, 483), (2016, 970, 475, 495), (2017, 995, 487, 508), (2018, 1021, 500, 521), (2019, 1047, 513, 534), (2020, 1073, 525, 548), (2021, 1098, 538, 560), (2022, 1127, 552, 575), (2023, 1155, 566, 589), (2024, 1184, 580, 604), (2025, 1212, 594, 618), (2026, 1241, 608, 633), (2027, 1272, 623, 649), (2028, 1303, 638, 665), (2029, 1334, 653, 681), (2030, 1365, 668, 697), (2031, 1397, 684, 713), (2032, 1431, 701, 730), (2033, 1465, 717, 748), (2034, 1500, 735, 765), (2035, 1534, 751, 783), (2036, 1568, 768, 800)]

C = ['Punjab', (2011, 27743, 14639, 13104), (2012, 28023, 14781, 13242), (2013, 28302, 14923, 13379), (2014, 28581, 15064, 13517), (2015, 28861, 15206, 13655), (2016, 29140, 15347, 13793), (2017, 29380, 15467, 13913), (2018, 29619, 15586, 14034), (2019, 29859, 15705, 14154), (2020, 30099, 15824, 14275), (2021, 33339, 15943, 14395), (2022, 30535, 16039, 14495), (2023, 30730, 16135, 14595), (2024, 30926, 16231, 14695), (2025, 31122, 16327, 14795), (2026, 31318, 16423, 14895), (2027, 31472, 16497, 14975), (2028, 31626, 16571, 15055), (2029, 31779, 16644, 15135), (2030, 31993, 16718, 15215), (2031, 32087, 16792, 15295), (2032, 32201, 16845, 15356), (2033, 32315, 16897, 15418), (2034, 32430, 16950, 15480), (2035, 32544, 17002, 15541), (2036, 32658, 17055, 15603)]

D = ['Rajasthan', (2011, 68548, 35551, 32997), (2012, 69687, 36111, 35576), (2013, 70825, 36670, 34155), (2014, 71963, 37230, 34733), (2015, 73102, 37790, 35312), (2016, 74240, 38350, 35890), (2017, 75248, 38834, 36414), (2018, 76256, 32318, 36938), (2019, 77264, 39803, 37462), (2020, 78273, 40287, 37985), (2021, 79281, 40772, 38509), (2022, 80153, 41178, 38975), (2023, 81025, 41584, 39441), (2024, 81897, 41990, 39907), (2025, 82770, 42397, 40373), (2026, 83642, 42803, 40839), (2027, 84353, 43116, 41237), (2028, 85064, 43429, 41635), (2029, 85775, 43742, 42033), (2030, 86487, 44055, 42431), (2031, 87198, 44369, 42829), (2032, 87871, 44705, 43166), (2033, 88544, 45041, 43503), (2034, 89217, 45376, 43840), (2035, 89890, 45712, 44177), (2036, 90563, 46048, 44514)]

E = ['Sikkim', (2011, 611, 323, 288), (2012, 617, 327, 291), (2013, 624, 330, 294), (2014, 631, 333, 297), (2015, 637, 337, 300), (2016, 644, 340, 304), (2017, 650, 344, 307), (2018, 657, 347, 310), (2019, 664, 350, 313), (2020, 670, 354, 316), (2021, 677, 357, 320), (2022, 683, 360, 323), (2023, 689, 363, 326), (2024, 695, 366, 329), (2025, 702, 370, 332), (2026, 708, 373, 335), (2027, 714, 376, 338), (2028, 719, 378, 341), (2029, 725, 381, 344), (2030, 731, 384, 346), (2031, 736, 387, 349), (2032, 741, 389, 352), (2033, 745, 391, 354), (2034, 750, 393, 356), (2035, 754, 395, 359), (2036, 759, 397, 361)]

F = ['Tamil_nadu', (2011, 72147, 36138, 36009), (2012, 72645, 36379, 36266), (2013, 73142, 36619, 36523), (2014, 73640, 36860, 36780), (2015, 74137, 37101, 37037), (2016, 74635, 37342, 37294), (2017, 74989, 37506, 37482), (2018, 75342, 37671, 37671), (2019, 75695, 37836, 37860), (2020, 76049, 38000, 38049), (2021, 76402, 38165, 38237), (2022, 76631, 38263, 38368), (2023, 76860, 38361, 38499), (2024, 77089, 38458, 38630), (2025, 77317, 38556, 38761), (2026, 77546, 38658, 38892), (2027, 77653, 38689, 38964), (2028, 77761, 38724, 39036), (2029, 77868, 38760, 39108), (2030, 77975, 38795, 39180), (2031, 78082, 38830, 39252), (2032, 78079, 38812, 39267), (2033, 78076, 38794, 39282), (2034, 78073, 38775, 39297), (2035, 78070, 38757, 39313), (2036, 78067, 38739, 39328)]

G = ['Telangana', (2011, 13731, 6910, 6821), (2012, 14099, 7096, 7003), (2013, 14472, 7283, 7189), (2014, 14849, 7473, 7276), (2015, 15231, 7655, 7566), (2016, 15612, 7857, 7755), (2017, 15987, 8046, 7941), (2018, 16365, 8236, 8129), (2019, 16748, 8429, 8319), (2020, 17135, 8623, 8511), (2021, 17514, 8814, 8700), (2022, 17877, 8997, 8880), (2023, 18243, 9181, 9062), (2024, 18612, 9367, 9245), (2025, 18984, 9554, 9430), (2026, 19349, 9738, 9611), (2027, 19694, 9911, 9782), (2028, 20041, 10086, 9955), (2029, 20392, 10263, 10129), (2030, 20745, 10441, 10305), (2031, 21090, 10614, 10476), (2032, 21415, 10778, 10637), (2033, 21742, 10942, 10800), (2034, 22071, 11108, 10963), (2035, 22402, 11274, 11128), (2036, 22733, 11441, 11292)]

H = ['Tripura', (2011, 3674, 1874, 1800), (2012, 3714, 1894, 1820), (2013, 3754, 1914, 1840), (2014, 3794, 1934, 1860), (2015, 3834, 1954, 1880), (2016, 3874, 1974, 1900), (2017, 3914, 1993, 1920), (2018, 3953, 2013, 1940), (2019, 3992, 2032, 1960), (2020, 4032, 2052, 1980), (2021, 4071, 2071, 2000), (2022, 4109, 2089, 2020), (2023, 4147, 2108, 2039), (2024, 4184, 2126, 2058), (2025, 4222, 2144, 2078), (2026, 4260, 2163, 2097), (2027, 4294, 2179, 2115), (2028, 4328, 2195, 2133), (2029, 4362, 2211, 2150), (2030, 4396, 2228, 2168), (2031, 4430, 2244, 2186), (2032, 4457, 2257, 2200), (2033, 4484, 2269, 2215), (2034, 4511, 2281, 2229), (2035, 4538, 2294, 2244), (2036, 4565, 2306, 2258)]

I = ['Uttar_pradesh', (2011, 199812, 104481, 95332), (2012, 203067, 106146, 96921), (2013, 206332, 107812, 98510), (2014, 209577, 109477, 100099), (2015, 212832, 111143, 101689), (2016, 216087, 112809, 103278), (2017, 219051, 114316, 104735), (2018, 222015, 115823, 106192), (2019, 224979, 117330, 107649), (2020, 227943, 118837, 109106), (2021, 230907, 120344, 110563), (2022, 233297, 121540, 111757), (2023, 235687, 122737, 112951), (2024, 238078, 123934, 114144), (2025, 240468, 125130, 115338), (2026, 242859, 126327, 116532), (2027, 244680, 127216, 117463), (2028, 246500, 128106, 118395), (2029, 24321, 128995, 119327), (2030, 250142, 129884, 120258), (2031, 251963, 130774, 121190), (2032, 253369, 131442, 121927), (2033, 254774, 132109, 122665), (2034, 256179, 132777, 123402), (2035, 257585, 133445, 124139), (2036, 258990, 134113, 124877)]

J = ['Uttarakhand', (2011, 10086, 5138, 4949), (2012, 10220, 5209, 5010), (2013, 10354, 5281, 5072), (2014, 10487, 5353, 5134), (2015, 10621, 5425, 5196), (2016, 10755, 5496, 5258), (2017, 10884, 5565, 5319), (2018, 11013, 5634, 5379), (2019, 11141, 5702, 5439), (2020, 11270, 5771, 5499), (2021, 11399, 5840, 5560), (2022, 11518, 5902, 5616), (2023, 11637, 5965, 5672), (2024, 11755, 6027, 5728), (2025, 11874, 6089, 5784), (2026, 11993, 6152, 5841), (2027, 12099, 6207, 5892), (2028, 12205, 6263, 5943), (2029, 12312, 6318, 5994), (2030, 12418, 6373, 6045), (2031, 12524, 6429, 6096), (2032, 12614, 6476, 6138), (2033, 12704, 6523, 6181), (2034, 12794, 6571, 6224), (2035, 12884, 6618, 6266), (2036, 12974, 6665, 6309)]

K = ['West_bengal', (2011, 91276, 46809, 44467), (2012, 92037, 47178, 44858), (2013, 92797, 47548, 45250), (2014, 93558, 47917, 45641), (2015, 94318, 48286, 46032), (2016, 95079, 48656, 46423), (2017, 95688, 48944, 46744), (2018, 96297, 49232, 47066), (2019, 96906, 49520, 47387), (2020, 97516, 49807, 47708), (2021, 98125, 50095, 48029), (2022, 98604, 50312, 48292), (2023, 99084, 50529, 48554), (2024, 99563, 50746, 48817), (2025, 100042, 50963, 49079), (2026, 100522, 51180, 49342), (2027, 100851, 51316, 49535), (2028, 101180, 51451, 49729), (2029, 101509, 51587, 49922), (2030, 101838, 51723, 50115), (2031, 102167, 51858, 50309), (2032, 102320, 51903, 50417), (2033, 102473, 51947, 50526), (2034, 102625, 51991, 50634), (2035, 102778, 52036, 50742), (2036, 102931, 52080, 50851)]
